seller,stock,date,time,change
AbsoluteGold,"9,947,668",2023-01-14,19:38:31,0
AbsoluteGold,"9,947,668",2023-01-14,19:42:31,0
AbsoluteGold,"9,947,068",2023-01-14,19:49:49,600
AbsoluteGold,"9,975,698",2023-01-15,10:08:59,-28630
AbsoluteGold,"9,970,948",2023-01-15,10:16:22,4750
AbsoluteGold,"9,970,948",2023-01-15,10:19:16,0
AbsoluteGold,"9,970,948",2023-01-15,10:22:00,0
AbsoluteGold,"9,970,448",2023-01-15,10:37:22,500
AbsoluteGold,"9,970,448",2023-01-15,10:39:36,0
AbsoluteGold,"9,970,448",2023-01-15,10:47:12,0
AbsoluteGold,"9,970,448",2023-01-15,10:54:20,0
AbsoluteGold,"9,970,448",2023-01-15,10:57:51,0
AbsoluteGold,"9,970,448",2023-01-15,11:02:58,0
AbsoluteGold,"9,970,448",2023-01-15,11:21:37,0
AbsoluteGold,"9,989,548",2023-01-15,17:18:14,-19100
AbsoluteGold,"9,988,548",2023-01-15,17:36:31,1000
AbsoluteGold,"9,988,548",2023-01-15,17:36:44,0
AbsoluteGold,"9,988,548",2023-01-15,23:36:03,1000
AbsoluteGold,"9,988,548",2023-01-15,23:44:13,0
AbsoluteGold,"9,988,048",2023-01-15,23:53:34,500
AbsoluteGold,"9,984,148",2023-01-16,00:54:39,3900
AbsoluteGold,"9,982,698",2023-01-16,02:14:13,1450
AbsoluteGold,"9,982,098",2023-01-16,02:51:29,600
AbsoluteGold,"9,982,098",2023-01-16,03:11:02,0
AbsoluteGold,"9,980,098",2023-01-16,03:28:36,2000
AbsoluteGold,"9,980,098",2023-01-16,03:37:45,0
AbsoluteGold,"9,980,098",2023-01-16,03:45:49,0
AbsoluteGold,"9,976,098",2023-01-16,03:54:06,4000
AbsoluteGold,"9,976,098",2023-01-16,04:14:00,0
AbsoluteGold,"9,976,098",2023-01-16,04:32:55,0
AbsoluteGold,"9,976,098",2023-01-16,04:44:16,0
AbsoluteGold,"9,976,098",2023-01-16,04:53:37,0
AbsoluteGold,"9,984,098",2023-01-16,05:10:10,-8000
AbsoluteGold,"9,984,098",2023-01-16,05:25:05,0
AbsoluteGold,"9,984,098",2023-01-16,05:34:22,0
AbsoluteGold,"9,983,698",2023-01-16,05:43:42,400
AbsoluteGold,"9,983,698",2023-01-16,05:53:33,0
AbsoluteGold,"9,987,698",2023-01-16,06:14:11,-4000
AbsoluteGold,"9,987,698",2023-01-16,06:33:40,0
AbsoluteGold,"9,987,698",2023-01-16,06:45:09,0
AbsoluteGold,"9,987,498",2023-01-16,06:53:49,200
AbsoluteGold,"9,987,498",2023-01-16,07:10:14,0
AbsoluteGold,"9,987,098",2023-01-16,07:23:32,400
AbsoluteGold,"9,987,098",2023-01-16,07:34:26,0
AbsoluteGold,"9,987,098",2023-01-16,07:43:33,0
AbsoluteGold,"9,987,098",2023-01-16,07:53:31,0
AbsoluteGold,"9,986,698",2023-01-16,08:14:29,400
AbsoluteGold,"9,982,698",2023-01-16,08:33:23,4000
AbsoluteGold,"9,982,698",2023-01-16,08:44:34,0
AbsoluteGold,"9,982,698",2023-01-16,08:53:29,0
AbsoluteGold,"9,982,698",2023-01-16,09:11:09,0
AbsoluteGold,"9,982,698",2023-01-16,09:27:47,0
AbsoluteGold,"9,982,698",2023-01-16,09:36:37,0
AbsoluteGold,"9,982,698",2023-01-16,09:44:53,0
AbsoluteGold,"9,982,698",2023-01-16,09:53:51,0
AbsoluteGold,"9,982,298",2023-01-16,10:12:07,400
AbsoluteGold,"9,982,298",2023-01-16,10:31:57,0
AbsoluteGold,"9,984,298",2023-01-16,10:43:35,-2000
AbsoluteGold,"9,984,298",2023-01-16,10:53:44,0
AbsoluteGold,"9,984,298",2023-01-16,11:08:52,0
AbsoluteGold,"9,984,298",2023-01-16,11:21:11,0
AbsoluteGold,"9,984,298",2023-01-16,11:34:13,0
AbsoluteGold,"9,984,298",2023-01-16,11:43:38,0
AbsoluteGold,"9,984,298",2023-01-16,11:53:29,0
AbsoluteGold,"9,983,798",2023-01-16,12:20:31,500
AbsoluteGold,"9,983,798",2023-01-16,12:57:00,0
AbsoluteGold,"9,983,798",2023-01-16,13:21:57,0
AbsoluteGold,"9,983,798",2023-01-16,13:45:51,0
AbsoluteGold,"9,983,798",2023-01-16,13:54:14,0
AbsoluteGold,"9,983,798",2023-01-16,14:46:17,0
AbsoluteGold,"9,983,398",2023-01-16,15:16:45,400
AbsoluteGold,"9,983,398",2023-01-16,15:30:47,0
AbsoluteGold,"9,982,498",2023-01-16,15:46:25,900
AbsoluteGold,"9,981,998",2023-01-16,16:21:25,500
AbsoluteGold,"9,992,348",2023-01-16,16:49:47,-10350
AbsoluteGold,"9,992,348",2023-01-16,17:14:33,0
AbsoluteGold,"9,992,348",2023-01-16,17:28:55,0
AbsoluteGold,"9,992,348",2023-01-16,17:46:16,0
AbsoluteGold,"9,990,398",2023-01-16,18:18:48,1950
AbsoluteGold,"9,987,598",2023-01-16,18:34:27,2800
AbsoluteGold,"9,987,598",2023-01-16,18:46:18,0
AbsoluteGold,"9,987,198",2023-01-16,19:12:27,400
AbsoluteGold,"9,986,698",2023-01-16,19:26:19,500
AbsoluteGold,"9,986,698",2023-01-16,19:46:31,0
AbsoluteGold,"9,986,198",2023-01-16,20:16:15,500
AbsoluteGold,"9,986,198",2023-01-16,20:28:45,0
AbsoluteGold,"9,986,198",2023-01-16,20:46:11,0
AbsoluteGold,"9,985,698",2023-01-16,21:13:35,500
AbsoluteGold,"9,986,298",2023-01-16,21:26:22,-600
AbsoluteGold,"9,986,298",2023-01-16,21:46:20,0
AbsoluteGold,"9,983,298",2023-01-16,22:14:42,3000
AbsoluteGold,"9,984,798",2023-01-16,22:29:23,-1500
AbsoluteGold,"9,984,798",2023-01-16,22:46:21,0
AbsoluteGold,"9,976,298",2023-01-16,23:15:36,8500
AbsoluteGold,"9,976,298",2023-01-16,23:28:00,0
AbsoluteGold,"9,972,798",2023-01-16,23:46:21,3500
AbsoluteGold,"9,979,298",2023-01-17,01:17:33,-6500
AbsoluteGold,"9,969,898",2023-01-17,02:26:53,9400
AbsoluteGold,"9,979,283",2023-01-17,02:55:55,-9385
AbsoluteGold,"9,979,283",2023-01-17,03:18:02,0
AbsoluteGold,"9,979,283",2023-01-17,03:30:28,0
AbsoluteGold,"9,979,283",2023-01-17,03:46:19,0
AbsoluteGold,"9,979,283",2023-01-17,04:19:09,0
AbsoluteGold,"9,979,283",2023-01-17,04:35:21,0
AbsoluteGold,"9,979,283",2023-01-17,04:46:13,0
AbsoluteGold,"9,979,233",2023-01-17,05:14:10,50
AbsoluteGold,"9,979,233",2023-01-17,05:28:03,0
AbsoluteGold,"9,979,033",2023-01-17,05:46:10,200
AbsoluteGold,"9,979,033",2023-01-17,06:19:28,0
AbsoluteGold,"9,979,033",2023-01-17,06:35:48,0
AbsoluteGold,"9,979,033",2023-01-17,06:46:38,0
AbsoluteGold,"9,979,033",2023-01-17,07:14:18,0
AbsoluteGold,"9,979,033",2023-01-17,07:26:36,0
AbsoluteGold,"9,979,033",2023-01-17,07:46:09,0
AbsoluteGold,"9,979,033",2023-01-17,08:20:27,0
AbsoluteGold,"9,979,033",2023-01-17,08:46:21,0
AbsoluteGold,"9,978,593",2023-01-17,09:15:18,440
AbsoluteGold,"9,978,593",2023-01-17,09:28:28,0
AbsoluteGold,"9,978,593",2023-01-17,09:46:17,0
AbsoluteGold,"9,978,593",2023-01-17,10:17:12,0
AbsoluteGold,"9,978,593",2023-01-17,10:32:53,0
AbsoluteGold,"9,978,593",2023-01-17,10:46:21,0
AbsoluteGold,"9,978,593",2023-01-17,11:13:02,0
AbsoluteGold,"9,978,593",2023-01-17,11:26:12,0
AbsoluteGold,"9,978,593",2023-01-17,11:46:32,0
AbsoluteGold,"9,978,593",2023-01-17,12:32:44,0
AbsoluteGold,"9,978,593",2023-01-17,13:02:31,0
AbsoluteGold,"9,978,593",2023-01-17,13:31:55,0
AbsoluteGold,"9,978,593",2023-01-17,13:46:22,0
AbsoluteGold,"9,978,593",2023-01-17,14:14:17,0
AbsoluteGold,"9,978,593",2023-01-17,14:28:44,0
AbsoluteGold,"9,978,593",2023-01-17,14:46:17,0
AbsoluteGold,"9,977,672",2023-01-17,15:16:15,921
AbsoluteGold,"9,977,672",2023-01-17,15:30:12,0
AbsoluteGold,"9,977,672",2023-01-17,15:46:31,0
AbsoluteGold,"9,977,672",2023-01-17,16:21:39,0
AbsoluteGold,"9,977,672",2023-01-17,16:49:49,0
AbsoluteGold,"9,977,672",2023-01-17,17:14:06,0
AbsoluteGold,"9,977,672",2023-01-17,17:28:25,0
AbsoluteGold,"9,977,672",2023-01-17,17:46:21,0
AbsoluteGold,"9,957,728",2023-01-17,18:19:18,19944
AbsoluteGold,"9,956,728",2023-01-17,18:34:55,1000
AbsoluteGold,"9,956,728",2023-01-17,18:46:23,0
AbsoluteGold,"9,956,728",2023-01-17,19:12:43,0
AbsoluteGold,"9,956,728",2023-01-17,19:26:21,0
AbsoluteGold,"9,955,578",2023-01-17,19:46:19,1150
AbsoluteGold,"9,955,578",2023-01-17,20:14:50,0
AbsoluteGold,"9,955,578",2023-01-17,20:28:04,0
AbsoluteGold,"9,955,578",2023-01-17,20:46:11,0
AbsoluteGold,"9,955,078",2023-01-17,21:14:07,500
AbsoluteGold,"9,955,078",2023-01-17,21:27:43,0
AbsoluteGold,"9,955,078",2023-01-17,21:46:16,0
AbsoluteGold,"9,952,378",2023-01-17,22:15:21,2700
AbsoluteGold,"9,952,378",2023-01-17,22:30:35,0
AbsoluteGold,"9,951,378",2023-01-17,22:46:32,1000
AbsoluteGold,"9,951,378",2023-01-17,23:16:14,0
AbsoluteGold,"9,951,378",2023-01-17,23:29:34,0
AbsoluteGold,"9,951,378",2023-01-17,23:46:32,0
AbsoluteGold,"9,944,878",2023-01-18,01:21:12,6500
AbsoluteGold,"9,977,436",2023-01-18,02:36:55,-32558
AbsoluteGold,"9,974,636",2023-01-18,02:59:27,2800
AbsoluteGold,"9,974,636",2023-01-18,03:23:40,0
AbsoluteGold,"9,974,636",2023-01-18,03:46:27,0
AbsoluteGold,"9,974,636",2023-01-18,04:19:28,0
AbsoluteGold,"9,974,636",2023-01-18,04:36:32,0
AbsoluteGold,"9,974,636",2023-01-18,04:47:28,0
AbsoluteGold,"9,974,636",2023-01-18,05:14:47,0
AbsoluteGold,"9,974,636",2023-01-18,05:28:34,0
AbsoluteGold,"9,974,636",2023-01-18,05:46:16,0
AbsoluteGold,"9,974,636",2023-01-18,06:20:28,0
AbsoluteGold,"9,973,636",2023-01-18,06:46:17,1000
AbsoluteGold,"9,973,636",2023-01-18,07:14:44,0
AbsoluteGold,"9,977,636",2023-01-18,07:26:25,-4000
AbsoluteGold,"9,977,636",2023-01-18,07:46:18,0
AbsoluteGold,"9,977,636",2023-01-18,08:20:11,0
AbsoluteGold,"9,977,636",2023-01-18,08:36:34,0
AbsoluteGold,"9,977,636",2023-01-18,08:47:26,0
AbsoluteGold,"9,977,636",2023-01-18,09:15:16,0
AbsoluteGold,"9,978,036",2023-01-18,09:28:34,-400
AbsoluteGold,"9,978,036",2023-01-18,09:46:30,0
AbsoluteGold,"9,978,036",2023-01-18,10:17:55,0
AbsoluteGold,"9,978,036",2023-01-18,10:33:55,0
AbsoluteGold,"9,978,036",2023-01-18,10:46:14,0
AbsoluteGold,"9,978,036",2023-01-18,11:12:54,0
AbsoluteGold,"9,978,036",2023-01-18,11:26:12,0
AbsoluteGold,"9,973,036",2023-01-18,11:46:20,5000
AbsoluteGold,"9,972,036",2023-01-18,12:30:20,1000
AbsoluteGold,"9,972,036",2023-01-18,13:00:53,0
AbsoluteGold,"9,972,036",2023-01-18,13:32:52,0
AbsoluteGold,"9,972,036",2023-01-18,13:46:39,0
AbsoluteGold,"9,970,836",2023-01-18,14:14:23,1200
AbsoluteGold,"9,970,836",2023-01-18,14:28:54,0
AbsoluteGold,"9,969,836",2023-01-18,14:46:24,1000
AbsoluteGold,"9,969,836",2023-01-18,15:16:51,0
AbsoluteGold,"9,969,836",2023-01-18,15:31:26,0
AbsoluteGold,"9,969,836",2023-01-18,15:46:25,0
AbsoluteGold,"9,968,636",2023-01-18,16:22:02,1200
AbsoluteGold,"9,968,636",2023-01-18,16:50:38,0
AbsoluteGold,"9,968,636",2023-01-18,17:14:14,0
AbsoluteGold,"9,968,636",2023-01-18,17:28:39,0
AbsoluteGold,"9,968,636",2023-01-18,17:46:07,0
AbsoluteGold,"9,967,636",2023-01-18,18:19:02,1000
AbsoluteGold,"9,967,636",2023-01-18,18:34:31,0
AbsoluteGold,"9,965,136",2023-01-18,18:46:11,2500
AbsoluteGold,"9,963,736",2023-01-18,19:12:30,1400
AbsoluteGold,"9,963,736",2023-01-18,19:26:08,0
AbsoluteGold,"9,961,736",2023-01-18,19:46:30,2000
AbsoluteGold,"9,960,736",2023-01-18,20:16:17,1000
AbsoluteGold,"9,960,736",2023-01-18,20:46:24,0
AbsoluteGold,"9,959,536",2023-01-18,21:13:46,1200
AbsoluteGold,"9,955,286",2023-01-18,21:27:16,4250
AbsoluteGold,"9,955,286",2023-01-18,21:46:25,0
AbsoluteGold,"9,955,286",2023-01-18,22:15:15,0
AbsoluteGold,"9,956,286",2023-01-18,22:29:56,-1000
AbsoluteGold,"9,950,286",2023-01-18,22:46:19,6000
AbsoluteGold,"9,947,786",2023-01-18,23:15:58,2500
AbsoluteGold,"9,947,786",2023-01-18,23:28:38,0
AbsoluteGold,"9,948,246",2023-01-18,23:46:21,-460
AbsoluteGold,"9,944,146",2023-01-19,01:21:05,4100
AbsoluteGold,"9,974,347",2023-01-19,02:39:04,-30201
AbsoluteGold,"9,976,247",2023-01-19,03:01:24,-1900
AbsoluteGold,"9,974,247",2023-01-19,03:31:37,2000
AbsoluteGold,"9,970,747",2023-01-19,03:46:14,3500
AbsoluteGold,"9,970,747",2023-01-19,04:20:25,0
AbsoluteGold,"9,969,747",2023-01-19,04:37:49,1000
AbsoluteGold,"9,969,747",2023-01-19,04:48:28,0
AbsoluteGold,"9,969,747",2023-01-19,05:15:01,0
AbsoluteGold,"9,972,747",2023-01-19,05:28:51,-3000
AbsoluteGold,"9,970,747",2023-01-19,05:46:24,2000
AbsoluteGold,"9,970,747",2023-01-19,06:19:49,0
AbsoluteGold,"9,970,747",2023-01-19,06:36:42,0
AbsoluteGold,"9,970,747",2023-01-19,06:47:29,0
AbsoluteGold,"9,968,747",2023-01-19,07:14:19,2000
AbsoluteGold,"9,968,747",2023-01-19,07:26:36,0
AbsoluteGold,"9,968,747",2023-01-19,07:46:19,0
AbsoluteGold,"9,978,724",2023-01-19,08:20:40,-9977
AbsoluteGold,"9,978,724",2023-01-19,08:46:23,0
AbsoluteGold,"9,976,724",2023-01-19,09:16:08,2000
AbsoluteGold,"9,976,724",2023-01-19,09:28:49,0
AbsoluteGold,"9,976,724",2023-01-19,09:46:16,0
AbsoluteGold,"9,976,724",2023-01-19,10:17:25,0
AbsoluteGold,"9,976,724",2023-01-19,10:34:10,0
AbsoluteGold,"9,976,724",2023-01-19,10:46:13,0
AbsoluteGold,"9,976,724",2023-01-19,11:13:48,0
AbsoluteGold,"9,976,724",2023-01-19,11:26:13,0
AbsoluteGold,"9,976,724",2023-01-19,11:47:19,0
AbsoluteGold,"9,976,724",2023-01-19,12:31:13,0
AbsoluteGold,"9,976,724",2023-01-19,13:02:57,0
AbsoluteGold,"9,975,724",2023-01-19,13:34:17,1000
AbsoluteGold,"9,975,724",2023-01-19,13:46:19,0
AbsoluteGold,"9,963,724",2023-01-19,14:15:36,12000
AbsoluteGold,"9,963,724",2023-01-19,14:30:55,0
AbsoluteGold,"9,963,724",2023-01-19,14:46:14,0
AbsoluteGold,"9,963,724",2023-01-19,15:17:50,0
AbsoluteGold,"9,963,724",2023-01-19,15:33:37,0
AbsoluteGold,"9,963,724",2023-01-19,15:46:23,0
AbsoluteGold,"9,967,724",2023-01-19,16:23:05,-4000
AbsoluteGold,"9,967,724",2023-01-19,16:51:34,0
AbsoluteGold,"9,967,224",2023-01-19,17:15:18,500
AbsoluteGold,"9,966,724",2023-01-19,17:30:27,500
AbsoluteGold,"9,966,724",2023-01-19,17:46:25,0
AbsoluteGold,"9,965,724",2023-01-19,18:20:11,1000
AbsoluteGold,"9,966,224",2023-01-19,18:36:44,-500
AbsoluteGold,"9,963,974",2023-01-19,18:47:25,2250
AbsoluteGold,"9,963,474",2023-01-19,19:12:52,500
AbsoluteGold,"9,963,474",2023-01-19,19:26:24,0
AbsoluteGold,"9,963,474",2023-01-19,19:46:14,0
AbsoluteGold,"9,962,974",2023-01-19,20:16:55,500
AbsoluteGold,"9,962,974",2023-01-19,20:30:43,0
AbsoluteGold,"9,962,974",2023-01-19,20:46:30,0
AbsoluteGold,"9,962,974",2023-01-19,21:13:42,0
AbsoluteGold,"9,961,974",2023-01-19,21:26:50,1000
AbsoluteGold,"9,961,049",2023-01-19,21:46:15,925
AbsoluteGold,"9,960,749",2023-01-19,22:15:24,300
AbsoluteGold,"9,960,749",2023-01-19,22:30:08,0
AbsoluteGold,"9,960,749",2023-01-19,22:46:23,0
AbsoluteGold,"9,960,749",2023-01-19,23:16:52,0
AbsoluteGold,"9,960,749",2023-01-19,23:29:31,0
AbsoluteGold,"9,959,049",2023-01-19,23:46:14,1700
AbsoluteGold,"9,954,049",2023-01-20,01:19:44,5000
AbsoluteGold,"9,994,715",2023-01-20,02:32:57,-40666
AbsoluteGold,"9,994,215",2023-01-20,03:00:43,500
AbsoluteGold,"9,994,215",2023-01-20,03:31:56,0
AbsoluteGold,"9,994,015",2023-01-20,03:46:10,200
AbsoluteGold,"9,993,715",2023-01-20,04:19:42,300
AbsoluteGold,"9,993,715",2023-01-20,04:36:53,0
AbsoluteGold,"9,993,715",2023-01-20,04:47:41,0
AbsoluteGold,"9,993,715",2023-01-20,05:14:39,0
AbsoluteGold,"9,993,715",2023-01-20,05:28:32,0
AbsoluteGold,"9,993,715",2023-01-20,05:46:35,0
